------------------------------------------------------------
 Force Displacement Plot
------------------------------------------------------------
Displacement, Force
                   0,              113.389
             0.18434,              110.809
             0.36868,              118.091
             0.55301,              216.246
             0.73735,              204.623
             0.92169,              238.928
             1.10603,              515.816
             1.29036,              488.538
              1.4747,              632.241
             1.65904,              673.133
             1.84338,              861.295
             2.02771,              899.416
             2.21205,               916.62
             2.39639,              918.729
             2.58073,              855.585
             2.76507,              1082.52
              2.9494,              980.521
             3.13374,              981.722
             3.31808,              1050.47
             3.50242,              1091.56
             3.68675,              1044.02
             3.87109,              1130.34
             4.05543,              1113.54
             4.23977,              1260.68
             4.42411,              1238.51
             4.60844,              1292.39
             4.79278,              1332.96
             4.97712,              1465.29
             5.16146,              1495.84
             5.34579,              1514.69
             5.53013,              1497.13
             5.71447,              1594.36
             5.89881,              1687.97
             6.08315,              1659.03
             6.26748,               1658.6
             6.45182,              1616.97
             6.63616,              1661.07
              6.8205,              1593.95
             7.00483,               1515.3
             7.18917,              1522.83
             7.37351,              1648.77
             7.55785,                 1574
             7.74218,              1551.14
             7.92652,              1559.51
             8.11086,              1596.62
              8.2952,              1606.66
             8.47954,              1746.15
             8.66387,              1806.64

             9.03255,              1684.81
             9.21689,              1669.95
             9.40122,              1726.93
             9.58556,              1903.65
              9.7699,              2136.64
             9.95424,              2088.16
             10.1386,              2003.54
             10.3229,              2094.02
             10.5073,              2170.06
             10.6916,              2327.42
             10.8759,               2227.6
             11.0603,              2366.02
             11.2446,              2378.18
             11.4289,               2423.6
             11.6133,              2415.32
             11.7976,              2493.08
             11.9819,              2482.41
             12.1663,              2675.24
             12.3506,              2658.06
              12.535,                 2841
             12.7193,              2805.36
             12.9036,              2926.38
              13.088,               2946.7
             13.2723,              2908.95
             13.4566,              3014.29
              13.641,              2941.81
             13.8253,              2898.78
             14.0097,              2854.26
              14.194,              2856.44
             14.3783,              2895.81
             14.5627,              2946.52
              14.747,              2975.92
             14.9314,              2927.82
             15.1157,              2945.92
                15.3,              2930.23
             15.4844,              3061.52
             15.6687,              3120.03
              15.853,              3271.34
             16.0374,              3310.27
             16.2217,              3344.36
             16.4061,               3427.3
             16.5904,              3468.76
             16.7747,              3532.25
             16.9591,               3465.2
             17.1434,              3492.67
             17.3278,              3464.97
             17.5121,              3500.71
             17.6964,              3618.11
             17.8808,              3641.98
             18.0651,              3716.82
             18.2494,               3662.3
             18.4338,               3760.8
             18.6181,              3930.28
             18.8025,              4013.76
             18.9868,              3997.56
             19.1711,              3995.52
             19.3555,              4006.16
             19.5398,              4122.98
             19.7241,              4361.65
             19.9085,              4335.76
             20.0928,              4272.34
             20.2771,              4180.83
             20.4615,              4286.41
             20.6458,              4328.06
             20.8302,               4406.4
             21.0145,              4506.72
             21.1988,              4687.99
             21.3832,              4805.22
             21.5675,               4674.6
             21.7519,              4810.04
             21.9362,              4852.56
             22.1205,              4858.28
             22.3049,              4966.27
             22.4892,              5038.83
             22.6735,              5087.88
             22.8579,               5139.5
             23.0422,              5179.36
             23.2265,              5122.29
             23.4109,              5107.14
             23.5952,              5142.93
             23.7796,              5128.14
             23.9639,              5320.29
             24.1482,              5331.34
             24.3326,              5344.02
             24.5169,              5424.47
             24.7013,              5475.69
             24.8856,              5530.25
             25.0699,              5579.51
             25.2543,               5702.7
             25.4386,              5966.91
             25.6229,              5916.06
             25.8073,              5835.81
             25.9916,              5969.72
              26.176,              6070.02
             26.3603,              6109.87
             26.5446,              6048.21
              26.729,              6359.13
             26.9133,              6191.02
             27.0977,              6367.26
              27.282,              6432.46
             27.4663,              6529.31
             27.6507,              6722.67
              27.835,               6745.9
             28.0193,                 6660
             28.2037,              6628.38
              28.388,               6626.5
             28.5724,              6685.01
             28.7567,               6712.4
              28.941,              6892.88
             29.1254,              6831.12
             29.3097,               6694.5
              29.494,              7016.59
             29.6784,              7162.32
             29.8627,              7028.63
              30.047,              7059.11
             30.2314,              7093.67
             30.4157,              7197.82
             30.6001,              7228.44
             30.7844,              7350.96
             30.9687,              7354.23
             31.1531,              7309.42
             31.3374,               7340.4
             31.5218,              7392.05
             31.7061,              7506.48
             31.8904,              7626.33
             32.0748,               7614.8
             32.2591,              7661.09
             32.4434,              7771.85
             32.6278,              7853.94
             32.8121,              7925.23
             32.9965,              7985.56
             33.1808,              8074.89
             33.3651,              8174.68
             33.5495,              8186.56
             33.7338,              8504.22
             33.9181,              8466.81
             34.1025,              8713.37
             34.2868,              8582.97
             34.4712,              8560.94
             34.6555,              8635.06
             34.8398,              8736.17
             35.0242,              8803.36
             35.2085,              8979.31
             35.3929,              8984.27
             35.5772,              8952.05
             35.7615,               8897.9
             35.9459,              8954.63
             36.1302,              9057.72
             36.3145,              9153.06
             36.4989,              9221.68
             36.6832,              9215.46
             36.8676,               9235.6
             37.0519,              9318.73
             37.2362,              9545.93
             37.4206,              9540.18
             37.6049,              9535.14
             37.7892,                 9594
             37.9736,              9642.88
             38.1579,              9737.71
             38.3422,               9668.8
             38.5266,              9661.75
             38.7109,              9953.45
             38.8953,              10163.3
             39.0796,              10217.4
             39.2639,              10149.6
             39.4483,              10114.5
             39.6326,              10198.7
             39.8169,                10367
             40.0013,                10590
             40.1856,              10650.5
               40.37,              10594.8
             40.5543,              10547.6
             40.7386,              10557.1
              40.923,              10811.9
             41.1073,              10868.8
             41.2916,                11014
              41.476,              11079.7
             41.6603,              11042.3
             41.8447,              11234.1
              42.029,              11280.4
             42.2133,                11485
             42.3977,              11596.6
              42.582,              11807.9
             42.7664,              11890.5
             42.9507,              11904.2
              43.135,              11850.8
             43.3194,                11965
             43.5037,              12028.5
              43.688,              12115.7
             43.8724,              12095.6
             44.0567,              12067.9
             44.2411,              12151.7
             44.4254,              12269.1
             44.6097,              12398.1
             44.7941,              12551.4
             44.9784,              12798.5
             45.1627,              12809.6
             45.3471,              12807.3
             45.5314,                12931
             45.7158,              13163.8
             45.9001,              13289.2
             46.0844,              13253.5
             46.2688,              13498.7
             46.4531,              13489.5
             46.6374,              13605.5
             46.8218,              13663.3
             47.0061,              13635.8
             47.1905,              13712.8
             47.3748,              14248.6
             47.5591,              14250.9
             47.7435,              14608.5
             47.9278,              14925.2
             48.1121,              15007.4
             48.2965,                15360
             48.4808,              15554.9
             48.6652,              15697.9
             48.8495,              15836.3
             49.0338,              15990.2
             49.2182,              16035.9
             49.4025,              16023.2
             49.5868,              15959.2
             49.7712,              16066.9
             49.9555,              16174.3
             50.1399,              16417.4
             50.3242,              16677.6
             50.5085,              16784.6
             50.6929,              17076.9
             50.8772,              17262.2
             51.0615,              17520.9
             51.2459,              17519.2
             51.4302,              17652.3
             51.6146,              17919.9
             51.7989,              17892.5
             51.9832,              18342.2
             52.1676,              18440.2
             52.3519,              18723.1
             52.5363,              18853.4
             52.7206,              18855.2
             52.9049,              18896.6
             53.0893,              18992.3
             53.2736,              19302.5
             53.4579,              19359.9
             53.6423,              19495.6
             53.8266,                19782
              54.011,              19895.7
             54.1953,              20043.6
             54.3796,              20032.7
              54.564,              20119.1
             54.7483,              20186.8
             54.9326,              20334.6
              55.117,              20440.9
             55.3013,              20457.2
